0 0 ...
TaskSim: attempting to invoke without Ray initialized...
TaskSim: Connected to Ray instance; monitor on 127.0.0.1:8265
TaskSim: Ray initialized with 8.0 CPUs
TaskSim: Preparing ray workers..
TaskSim: Ray initialization complete! Min score is 0.009340703046875065
0 1 ...
0 2 ...
0 3 ...
0 4 ...
0 5 ...
0 6 ...
1 0 ...
1 1 ...
1 2 ...
1 3 ...
1 4 ...
1 5 ...
1 6 ...
2 0 ...
2 1 ...
2 2 ...
2 3 ...
2 4 ...
2 5 ...
2 6 ...
3 0 ...
3 1 ...
3 2 ...
3 3 ...
3 4 ...
3 5 ...
3 6 ...
4 0 ...
4 1 ...
4 2 ...
4 3 ...
4 4 ...
4 5 ...
4 6 ...
5 0 ...
5 1 ...
5 2 ...
5 3 ...
5 4 ...
5 5 ...
5 6 ...
6 0 ...
6 1 ...
6 2 ...
6 3 ...
6 4 ...
6 5 ...
6 6 ...
[[0.000615, 0.044364, 0.050281, 0.045126, 0.03092, 0.034225, 0.026465], [0.044364, 0.000615, 0.050512, 0.022121, 0.041244, 0.027939, 0.028308], [0.050281, 0.050512, 0.000615, 0.044071, 0.04257, 0.035935, 0.04339], [0.045126, 0.022121, 0.044071, 0.000615, 0.037321, 0.021303, 0.033535], [0.03092, 0.041244, 0.04257, 0.037321, 0.000615, 0.026555, 0.033118], [0.034225, 0.027939, 0.035935, 0.021303, 0.026555, 0.000615, 0.022469], [0.026465, 0.028308, 0.04339, 0.033535, 0.033118, 0.022469, 0.000615]]
{0.045126, 0.050512, 0.041244, 0.028308, 0.04257, 0.026555, 0.027939, 0.035935, 0.037321, 0.04339, 0.033535, 0.033118, 0.000615, 0.044071, 0.050281, 0.03092, 0.021303, 0.026465, 0.022469, 0.044364, 0.034225, 0.022121}
0 0 ...
WARNING: d_rwd & d_emd combination resulted in value greater than 1
0 1 ...
0 2 ...
0 3 ...
0 4 ...
0 5 ...
0 6 ...
1 0 ...
1 1 ...
1 2 ...
1 3 ...
1 4 ...
1 5 ...
1 6 ...
2 0 ...
2 1 ...
2 2 ...
2 3 ...
2 4 ...
2 5 ...
2 6 ...
3 0 ...
3 1 ...
3 2 ...
3 3 ...
3 4 ...
3 5 ...
3 6 ...
4 0 ...
4 1 ...
4 2 ...
4 3 ...
4 4 ...
4 5 ...
4 6 ...
5 0 ...
5 1 ...
5 2 ...
5 3 ...
5 4 ...
5 5 ...
5 6 ...
6 0 ...
6 1 ...
6 2 ...
6 3 ...
6 4 ...
6 5 ...
6 6 ...
[[0.0, 0.121361, 0.142395, 0.118688, 0.092297, 0.108306, 0.081021], [0.121361, 0.0, 0.146117, 0.057074, 0.118579, 0.107928, 0.091146], [0.142395, 0.146117, 0.0, 0.142913, 0.094182, 0.085854, 0.137116], [0.118688, 0.057074, 0.142913, 0.0, 0.115666, 0.104978, 0.096489], [0.092297, 0.118579, 0.094182, 0.115666, 0.0, 0.064225, 0.098249], [0.108306, 0.107928, 0.085854, 0.104978, 0.064225, 0.0, 0.095289], [0.081021, 0.091146, 0.137116, 0.096489, 0.098249, 0.095289, 0.0]]
{0.0, 0.142395, 0.121361, 0.146117, 0.091146, 0.142913, 0.118579, 0.094182, 0.085854, 0.096489, 0.115666, 0.107928, 0.137116, 0.064225, 0.098249, 0.092297, 0.118688, 0.108306, 0.081021, 0.057074, 0.104978, 0.095289}
