0 0 ...
TaskSim: attempting to invoke without Ray initialized...
TaskSim: Connected to Ray instance; monitor on 127.0.0.1:8265
TaskSim: Ray initialized with 8 CPUs
TaskSim: Preparing ray workers..
TaskSim: Ray initialization complete! Min score is 0.009340703046875065
0 1 ...
0 2 ...
0 3 ...
0 4 ...
0 5 ...
0 6 ...
1 0 ...
1 1 ...
1 2 ...
1 3 ...
1 4 ...
1 5 ...
1 6 ...
2 0 ...
2 1 ...
2 2 ...
2 3 ...
2 4 ...
2 5 ...
2 6 ...
3 0 ...
3 1 ...
3 2 ...
3 3 ...
3 4 ...
3 5 ...
3 6 ...
4 0 ...
4 1 ...
4 2 ...
4 3 ...
4 4 ...
4 5 ...
4 6 ...
5 0 ...
5 1 ...
5 2 ...
5 3 ...
5 4 ...
5 5 ...
5 6 ...
6 0 ...
6 1 ...
6 2 ...
6 3 ...
6 4 ...
6 5 ...
6 6 ...
[[0.000615, 0.111063, 0.111063, 0.038638, 0.039974, 0.039974, 0.043871], [0.111063, 0.000615, 0.000615, 0.109952, 0.115371, 0.115371, 0.085812], [0.111063, 0.000615, 0.000615, 0.109952, 0.115371, 0.115371, 0.085812], [0.038638, 0.109952, 0.109952, 0.000615, 0.006034, 0.006034, 0.024754], [0.039974, 0.115371, 0.115371, 0.006034, 0.000615, 0.000615, 0.030173], [0.039974, 0.115371, 0.115371, 0.006034, 0.000615, 0.000615, 0.030173], [0.043871, 0.085812, 0.085812, 0.024754, 0.030173, 0.030173, 0.000615]]
{0.111063, 0.109952, 0.115371, 0.085812, 0.006034, 0.024754, 0.043871, 0.039974, 0.038638, 0.030173, 0.000615}
0 0 ...
WARNING: d_rwd & d_emd combination resulted in value greater than 1
0 1 ...
0 2 ...
0 3 ...
0 4 ...
0 5 ...
0 6 ...
1 0 ...
1 1 ...
1 2 ...
1 3 ...
1 4 ...
1 5 ...
1 6 ...
2 0 ...
2 1 ...
2 2 ...
2 3 ...
2 4 ...
2 5 ...
2 6 ...
3 0 ...
3 1 ...
3 2 ...
3 3 ...
3 4 ...
3 5 ...
3 6 ...
4 0 ...
4 1 ...
4 2 ...
4 3 ...
4 4 ...
4 5 ...
4 6 ...
5 0 ...
5 1 ...
5 2 ...
5 3 ...
5 4 ...
5 5 ...
5 6 ...
6 0 ...
6 1 ...
6 2 ...
6 3 ...
6 4 ...
6 5 ...
6 6 ...
[[0.0, 0.2989, 0.304977, 0.120448, 0.116819, 0.116819, 0.145027], [0.2989, 0.0, 0.098346, 0.299653, 0.22449, 0.303253, 0.166667], [0.304977, 0.098346, 0.0, 0.299653, 0.257334, 0.303253, 0.215436], [0.120448, 0.299653, 0.299653, 0.0, 0.086905, 0.010374, 0.132986], [0.116819, 0.22449, 0.257334, 0.086905, 0.0, 0.076531, 0.057823], [0.116819, 0.303253, 0.303253, 0.010374, 0.076531, 0.0, 0.136586], [0.145027, 0.166667, 0.215436, 0.132986, 0.057823, 0.136586, 0.0]]
{0.0, 0.120448, 0.2989, 0.116819, 0.304977, 0.299653, 0.303253, 0.166667, 0.132986, 0.257334, 0.010374, 0.098346, 0.145027, 0.22449, 0.215436, 0.136586, 0.086905, 0.057823, 0.076531}
